0 0 0 0 0 0 0 0 0 0 0 
1.900000e-02 1.000000e-02 1.000000e-02 1.000000e-02 1.000000e-02 1.000000e-02 1.000000e-02 1.000000e-02 1.000000e-02 1.000000e-02 1.998401e-16 
3.400000e-02 2.500000e-02 2.000000e-02 2.000000e-02 2.000000e-02 2.000000e-02 2.000000e-02 2.000000e-02 2.000000e-02 1.444444e-02 1.998401e-16 
4.622222e-02 3.722222e-02 3.277778e-02 3.000000e-02 3.000000e-02 3.000000e-02 3.000000e-02 3.000000e-02 2.691358e-02 1.950617e-02 1.998401e-16 
5.875309e-02 4.975309e-02 4.370370e-02 4.154321e-02 4.000000e-02 4.000000e-02 4.000000e-02 3.828532e-02 3.451303e-02 2.278464e-02 1.998401e-16 
7.039232e-02 6.139232e-02 5.586420e-02 5.188615e-02 5.085734e-02 5.000000e-02 4.904740e-02 4.714220e-02 4.009297e-02 2.664228e-02 1.998401e-16 
8.232114e-02 7.332114e-02 6.672535e-02 6.352462e-02 6.095260e-02 5.994708e-02 5.851818e-02 5.428441e-02 4.653661e-02 2.931362e-02 1.998401e-16 
9.365681e-02 8.465681e-02 7.861149e-02 7.387390e-02 7.182287e-02 6.971187e-02 6.695992e-02 6.233217e-02 5.127262e-02 3.259660e-02 1.998401e-16 
1.052983e-01 9.629830e-02 8.933801e-02 8.536644e-02 8.178955e-02 7.935579e-02 7.591781e-02 6.875894e-02 5.704125e-02 3.486294e-02 1.998401e-16 
1.164315e-01 1.074315e-01 1.009984e-01 9.558571e-02 9.242462e-02 8.879789e-02 8.385065e-02 7.622626e-02 6.122980e-02 3.781592e-02 1.998401e-16 
1.278575e-01 1.188575e-01 1.115653e-01 1.068366e-01 1.021659e-01 9.806427e-02 9.236334e-02 8.213066e-02 6.655346e-02 3.981479e-02 1.998401e-16 
1.388063e-01 1.298063e-01 1.229895e-01 1.168688e-01 1.124820e-01 1.071758e-01 9.984570e-02 8.916148e-02 7.035264e-02 4.255028e-02 1.998401e-16 
1.500192e-01 1.410192e-01 1.333762e-01 1.278321e-01 1.219712e-01 1.160514e-01 1.079823e-01 9.464781e-02 7.535624e-02 4.435699e-02 1.998401e-16 
1.607731e-01 1.517731e-01 1.445422e-01 1.376561e-01 1.319385e-01 1.248574e-01 1.150571e-01 1.013383e-01 7.885197e-02 4.693602e-02 1.998401e-16 
1.717560e-01 1.627560e-01 1.547338e-01 1.483053e-01 1.411810e-01 1.333467e-01 1.228801e-01 1.064675e-01 8.361330e-02 4.859154e-02 1.998401e-16 
1.822992e-01 1.732992e-01 1.656192e-01 1.579187e-01 1.507866e-01 1.418843e-01 1.295768e-01 1.128889e-01 8.685352e-02 5.105278e-02 1.998401e-16 
1.930325e-01 1.840325e-01 1.756078e-01 1.682344e-01 1.598032e-01 1.499925e-01 1.371432e-01 1.176958e-01 9.142830e-02 5.257942e-02 1.998401e-16 
2.033521e-01 1.943521e-01 1.861919e-01 1.776467e-01 1.690368e-01 1.583044e-01 1.434776e-01 1.239069e-01 9.443867e-02 5.495134e-02 1.998401e-16 
2.138187e-01 2.048187e-01 1.959780e-01 1.876108e-01 1.778576e-01 1.660297e-01 1.508421e-01 1.284083e-01 9.887249e-02 5.636022e-02 1.998401e-16 
2.239072e-01 2.149072e-01 2.062410e-01 1.968409e-01 1.867050e-01 1.741632e-01 1.568164e-01 1.344627e-01 1.016633e-01 5.866691e-02 1.998401e-16 
2.340926e-01 2.250926e-01 2.158333e-01 2.064321e-01 1.953684e-01 1.814938e-01 1.640348e-01 1.386596e-01 1.059983e-01 5.996108e-02 1.998401e-16 
2.439485e-01 2.349485e-01 2.257545e-01 2.155084e-01 2.038068e-01 1.895025e-01 1.696369e-01 1.446118e-01 1.085672e-01 6.222561e-02 1.998401e-16 
2.538407e-01 2.448407e-01 2.351700e-01 2.246998e-01 2.123609e-01 1.964129e-01 1.767705e-01 1.484899e-01 1.128466e-01 6.340116e-02 1.998401e-16 
2.634681e-01 2.544681e-01 2.447258e-01 2.336616e-01 2.203558e-01 2.043604e-01 1.819715e-01 1.543995e-01 1.151787e-01 6.564801e-02 1.998401e-16 
2.730557e-01 2.640557e-01 2.539914e-01 2.424163e-01 2.288616e-01 2.108084e-01 1.890920e-01 1.579279e-01 1.194510e-01 6.669395e-02 1.998401e-16 
2.824645e-01 2.734645e-01 2.631521e-01 2.513166e-01 2.363625e-01 2.187733e-01 1.938433e-01 1.638653e-01 1.215176e-01 6.895123e-02 1.998401e-16 
2.917354e-01 2.827354e-01 2.723059e-01 2.595840e-01 2.448985e-01 2.246951e-01 2.010388e-01 1.669933e-01 1.258405e-01 6.984853e-02 1.998401e-16 
3.009412e-01 2.919412e-01 2.810323e-01 2.684931e-01 2.518330e-01 2.327769e-01 2.052670e-01 1.730448e-01 1.275965e-01 7.215046e-02 1.998401e-16 
3.098807e-01 3.008807e-01 2.901266e-01 2.762037e-01 2.605019e-01 2.380803e-01 2.126491e-01 1.756969e-01 1.320422e-01 7.287022e-02 1.998401e-16 
3.189062e-01 3.099062e-01 2.983662e-01 2.852154e-01 2.667687e-01 2.464083e-01 2.162486e-01 1.819733e-01 1.334215e-01 7.526010e-02 1.998401e-16 
3.274951e-01 3.184951e-01 3.074713e-01 2.922732e-01 2.757055e-01 2.509642e-01 2.239621e-01 1.840419e-01 1.380828e-01 7.576083e-02 1.998401e-16 
3.363708e-01 3.273708e-01 3.151522e-01 3.015123e-01 2.811646e-01 2.597082e-01 2.267854e-01 1.906870e-01 1.389923e-01 7.829481e-02 1.998401e-16 
3.445827e-01 3.355827e-01 3.243626e-01 3.077858e-01 2.905487e-01 2.633380e-01 2.350212e-01 1.920224e-01 1.439907e-01 7.851853e-02 1.998401e-16 
3.533493e-01 3.443493e-01 3.313866e-01 3.174190e-01 2.950078e-01 2.727235e-01 2.368645e-01 1.992264e-01 1.443015e-01 8.127058e-02 1.998401e-16 
3.611478e-01 3.521478e-01 3.408283e-01 3.227281e-01 3.050783e-01 2.751820e-01 2.458761e-01 1.996227e-01 1.497981e-01 8.113746e-02 1.998401e-16 
3.698592e-01 3.608592e-01 3.470613e-01 3.329783e-01 3.082747e-01 2.855100e-01 2.464608e-01 2.076387e-01 1.493336e-01 8.420591e-02 1.998401e-16 
3.771937e-01 3.681937e-01 3.569029e-01 3.370780e-01 3.193519e-01 2.864631e-01 2.565870e-01 2.068148e-01 1.555433e-01 8.360690e-02 1.998401e-16 
3.859210e-01 3.769210e-01 3.621617e-01 3.482440e-01 3.209281e-01 2.981368e-01 2.555336e-01 2.159818e-01 1.540628e-01 8.712328e-02 1.998401e-16 
3.927214e-01 3.837214e-01 3.726293e-01 3.508006e-01 3.334417e-01 2.971302e-01 2.672288e-01 2.135556e-01 1.612736e-01 8.591009e-02 1.998401e-16 
4.015591e-01 3.925591e-01 3.766645e-01 3.632838e-01 3.329125e-01 3.106914e-01 2.640222e-01 2.243285e-01 1.584505e-01 9.005090e-02 1.998401e-16 
4.077288e-01 3.987288e-01 3.880611e-01 3.638446e-01 3.474404e-01 3.071091e-01 2.778975e-01 2.197817e-01 1.670496e-01 8.802242e-02 1.998401e-16 
4.168023e-01 4.078023e-01 3.905340e-01 3.781848e-01 3.441476e-01 3.232867e-01 2.718396e-01 2.327726e-01 1.624412e-01 9.302507e-02 1.998401e-16 
4.222088e-01 4.132088e-01 4.032668e-01 3.761359e-01 3.614678e-01 3.162944e-01 2.887175e-01 2.254035e-01 1.729497e-01 8.990900e-02 1.998401e-16 
4.316855e-01 4.226855e-01 4.037174e-01 3.930597e-01 3.545204e-01 3.360702e-01 2.788636e-01 2.414369e-01 1.659570e-01 9.609328e-02 1.998401e-16 
4.361476e-01 4.271476e-01 4.183343e-01 3.875699e-01 3.756810e-01 3.245388e-01 2.998524e-01 2.302962e-01 1.790771e-01 9.152130e-02 1.998401e-16 
4.462513e-01 4.372513e-01 4.161393e-01 4.080563e-01 3.638736e-01 3.492365e-01 2.849247e-01 2.504835e-01 1.688900e-01 9.931825e-02 1.998401e-16 
4.495224e-01 4.405224e-01 4.333776e-01 3.980009e-01 3.902878e-01 3.316395e-01 3.115195e-01 2.342878e-01 1.855688e-01 9.279244e-02 1.998401e-16 
4.605531e-01 4.515531e-01 4.276932e-01 4.233696e-01 3.719905e-01 3.630441e-01 2.897908e-01 2.601281e-01 1.710925e-01 1.027835e-01 1.998401e-16 
4.622976e-01 4.532976e-01 4.485467e-01 4.072277e-01 4.055642e-01 3.373180e-01 3.240078e-01 2.371431e-01 1.926073e-01 9.363101e-02 1.998401e-16 
4.746582e-01 4.656582e-01 4.382311e-01 4.392585e-01 3.785738e-01 3.778380e-01 2.931442e-01 2.706592e-01 1.723626e-01 1.066006e-01 1.998401e-16 
4.744209e-01 4.654209e-01 4.640392e-01 4.149740e-01 4.218788e-01 3.411947e-01 3.377046e-01 2.385417e-01 2.004374e-01 9.391249e-02 1.998401e-16 
4.886533e-01 4.796533e-01 4.475484e-01 4.560684e-01 3.832183e-01 3.940803e-01 2.945530e-01 2.824631e-01 1.724259e-01 1.109194e-01 1.998401e-16 
4.858172e-01 4.768172e-01 4.801178e-01 4.208628e-01 4.397250e-01 3.427529e-01 3.531293e-01 2.380480e-01 2.093874e-01 9.346782e-02 1.998401e-16 
5.026509e-01 4.936509e-01 4.553647e-01 4.742613e-01 3.853726e-01 4.123910e-01 2.934306e-01 2.960595e-01 1.709102e-01 1.159410e-01 1.998401e-16 
4.963808e-01 4.873808e-01 4.971329e-01 4.243806e-01 4.597654e-01 3.412916e-01 3.709802e-01 2.350716e-01 2.198992e-01 9.206776e-02 1.998401e-16 
5.167986e-01 5.077986e-01 4.612971e-01 4.944568e-01 3.842884e-01 4.336040e-01 2.889818e-01 3.121473e-01 1.673108e-01 1.219365e-01 1.998401e-16 
5.059644e-01 4.969644e-01 5.155533e-01 4.248301e-01 4.828906e-01 3.358608e-01 3.921972e-01 2.288129e-01 2.325675e-01 8.940196e-02 1.998401e-16 
5.312916e-01 5.222916e-01 4.648244e-01 5.174877e-01 3.789515e-01 4.588420e-01 2.801301e-01 3.316679e-01 1.609452e-01 1.292706e-01 1.998401e-16 
5.143653e-01 5.053653e-01 5.360080e-01 4.212657e-01 5.102997e-01 3.251740e-01 4.180466e-01 2.181898e-01 2.481941e-01 8.505058e-02 1.998401e-16 
5.463891e-01 5.373891e-01 4.652386e-01 5.444748e-01 3.679888e-01 4.896175e-01 2.654192e-01 3.558904e-01 1.508898e-01 1.384356e-01 1.998401e-16 
5.213055e-01 5.123055e-01 5.593423e-01 4.124069e-01 5.436081e-01 3.074913e-01 4.502356e-01 2.017394e-01 2.678600e-01 7.844592e-02 1.998401e-16 
5.624370e-01 5.534370e-01 4.615799e-01 5.769272e-01 3.495426e-01 5.279697e-01 2.428798e-01 3.865265e-01 1.358963e-01 1.500949e-01 1.998401e-16 
5.264053e-01 5.174053e-01 5.866935e-01 3.965206e-01 5.849935e-01 2.804602e-01 4.910668e-01 1.774837e-01 2.930234e-01 6.882071e-02 1.998401e-16 
5.798987e-01 5.708987e-01 4.525485e-01 6.168794e-01 3.211012e-01 5.766491e-01 2.098503e-01 4.258853e-01 1.142776e-01 1.651441e-01 1.998401e-16 
5.291486e-01 5.201486e-01 6.195936e-01 3.712632e-01 6.373935e-01 2.409009e-01 5.436468e-01 1.427505e-01 3.256521e-01 5.513824e-02 1.998401e-16 
5.993958e-01 5.903958e-01 4.363850e-01 6.670747e-01 2.792697e-01 6.393667e-01 1.627345e-01 4.770827e-01 8.375462e-02 1.847914e-01 1.998401e-16 
5.288343e-01 5.198343e-01 6.601075e-01 3.334666e-01 7.047708e-01 1.845171e-01 6.121681e-01 9.392921e-02 3.684017e-01 3.599797e-02 1.998401e-16 
6.217638e-01 6.127638e-01 4.107107e-01 7.312139e-01 2.194608e-01 7.211308e-01 9.667374e-02 5.443244e-01 4.124824e-02 2.106679e-01 1.998401e-16 
5.245121e-01 5.155121e-01 7.110197e-01 2.788493e-01 7.924736e-01 1.055047e-01 7.022891e-01 2.614283e-02 4.248570e-01 9.508149e-03 1.998401e-16 
6.481275e-01 6.391275e-01 3.723097e-01 8.142908e-01 1.354774e-01 8.287010e-01 5.105379e-03 6.332876e-01 1.740024e-02 2.449752e-01 1.998401e-16 
5.148954e-01 5.058954e-01 7.760869e-01 2.016272e-01 9.077202e-01 3.976353e-03 8.216486e-01 6.719576e-02 4.998571e-01 2.688627e-02 1.998401e-16 
6.800018e-01 6.710018e-01 3.168362e-01 9.230453e-01 1.894822e-02 9.712023e-01 1.208344e-01 7.516360e-01 9.780747e-02 2.906858e-01 1.998401e-16 
4.982431e-01 4.892431e-01 8.603777e-01 9.398632e-02 1.060254e+00 1.545148e-01 9.805584e-01 1.949828e-01 5.999352e-01 7.663590e-02 1.998401e-16 
7.194290e-01 7.104290e-01 2.384188e-01 1.066575e+00 1.414330e-01 1.160953e+00 2.931163e-01 9.097168e-01 2.075587e-01 3.518124e-01 1.998401e-16 
4.722011e-01 4.632011e-01 9.707334e-01 5.462728e-02 1.263230e+00 3.604110e-01 1.192941e+00 3.692324e-01 7.339116e-01 1.444007e-01 1.998401e-16 
7.691635e-01 7.601635e-01 1.291262e-01 1.257161e+00 3.609358e-01 1.414585e+00 5.279064e-01 1.121499e+00 3.568975e-01 4.337732e-01 1.998401e-16 
4.335872e-01 4.245872e-01 1.116388e+00 2.584676e-01 1.534407e+00 6.409774e-01 1.477592e+00 6.061688e-01 9.136956e-01 2.364734e-01 1.998401e-16 
8.329212e-01 8.239212e-01 2.175448e-02 1.511383e+00 6.601814e-01 1.754553e+00 8.470359e-01 1.405845e+00 5.596563e-01 5.438835e-01 1.998401e-16 
3.781014e-01 3.691014e-01 1.309808e+00 5.367847e-01 1.897762e+00 1.022293e+00 1.859892e+00 9.277006e-01 1.155367e+00 3.613516e-01 1.998401e-16 
9.157163e-01 9.067163e-01 2.286916e-01 1.851626e+00 1.067017e+00 2.211174e+00 1.279985e+00 1.788221e+00 8.345142e-01 6.920205e-01 1.998401e-16 
2.999341e-01 2.909341e-01 1.567823e+00 9.155743e-01 2.385668e+00 1.539576e+00 2.374107e+00 1.363413e+00 1.480636e+00 5.305102e-01 1.998401e-16 
1.024317e+00 1.015317e+00 5.112248e-01 2.308114e+00 1.619046e+00 2.825383e+00 1.866561e+00 2.303014e+00 1.206695e+00 8.915211e-01 1.998401e-16 
1.912381e-01 1.822381e-01 1.913153e+00 1.429941e+00 3.041837e+00 2.240380e+00 3.066505e+00 1.953255e+00 1.918819e+00 7.594438e-01 1.998401e-16 
1.167858e+00 1.158858e+00 8.957410e-01 2.921655e+00 2.367049e+00 3.652455e+00 2.660520e+00 2.996653e+00 1.710257e+00 1.160393e+00 1.998401e-16 
4.141397e-02 3.241397e-02 2.376478e+00 2.127290e+00 3.925289e+00 3.188922e+00 3.999562e+00 2.751171e+00 2.509499e+00 1.069075e+00 1.998401e-16 
1.358672e+00 1.349672e+00 1.417873e+00 3.747347e+00 3.379594e+00 4.767020e+00 3.734447e+00 3.931830e+00 2.391192e+00 1.522952e+00 1.998401e-16 
1.638530e-01 1.728530e-01 2.999219e+00 3.071631e+00 5.115714e+00 4.471914e+00 5.257633e+00 3.830003e+00 3.306123e+00 1.487657e+00 1.998401e-16 
1.613409e+00 1.604409e+00 2.125738e+00 4.859588e+00 4.749271e+00 6.269850e+00 5.186358e+00 5.193198e+00 3.311602e+00 2.012030e+00 1.998401e-16 
4.438948e-01 4.528948e-01 3.837303e+00 4.349404e+00 6.720718e+00 6.206444e+00 6.954622e+00 5.288111e+00 4.380860e+00 2.053338e+00 1.998401e-16 
1.954548e+00 1.945548e+00 3.084311e+00 6.358834e+00 6.601106e+00 8.297016e+00 7.148600e+00 6.895058e+00 4.555345e+00 2.671960e+00 1.998401e-16 
8.248178e-01 8.338178e-01 4.966247e+00 6.077324e+00 8.885595e+00 8.550616e+00 9.244330e+00 7.258309e+00 5.831159e+00 2.817632e+00 1.998401e-16 
2.412440e+00 2.403440e+00 4.381329e+00 8.380726e+00 9.103922e+00 1.103225e+01 9.799884e+00 9.191751e+00 6.235651e+00 3.562603e+00 1.998401e-16 
1.341876e+00 1.350876e+00 6.488018e+00 8.412998e+00 1.180653e+01 1.171792e+01 1.233443e+01 9.919936e+00 7.788602e+00 3.850096e+00 1.998401e-16 
3.028065e+00 3.019065e+00 6.135265e+00 1.110842e+01 1.248568e+01 1.472364e+01 1.338152e+01 1.229168e+01 8.505418e+00 4.764790e+00 1.998401e-16 
2.042674e+00 2.051674e+00 8.540297e+00 1.156924e+01 1.574844e+01 1.599663e+01 1.650535e+01 1.351515e+01 1.043086e+01 5.244653e+00 1.998401e-16 
3.856755e+00 3.847755e+00 8.506095e+00 1.478921e+01 1.705420e+01 1.970617e+01 1.821936e+01 1.647624e+01 1.157110e+01 6.387663e+00 1.998401e-16 
2.991495e+00 3.000495e+00 1.130899e+01 1.583341e+01 2.106901e+01 2.177600e+01 2.213572e+01 1.837095e+01 1.399785e+01 7.128129e+00 1.998401e-16 
4.973220e+00 4.964220e+00 1.170983e+01 1.975705e+01 2.322512e+01 2.643218e+01 2.475338e+01 2.212542e+01 1.571147e+01 8.578596e+00 1.998401e-16 
4.275143e+00 4.284143e+00 1.504513e+01 2.159353e+01 2.825125e+01 2.958163e+01 2.973682e+01 2.492885e+01 1.881351e+01 9.671773e+00 1.998401e-16 
6.478343e+00 6.469343e+00 1.603817e+01 2.646283e+01 3.155967e+01 3.551244e+01 3.357769e+01 2.975228e+01 2.130296e+01 1.153659e+01 1.998401e-16 
6.010830e+00 6.019830e+00 2.008767e+01 2.937356e+01 3.794734e+01 4.012325e+01 3.999903e+01 3.378506e+01 2.531525e+01 1.310682e+01 1.998401e-16 
8.508336e+00 8.499336e+00 2.188496e+01 3.551540e+01 4.281571e+01 4.777168e+01 4.549451e+01 4.004961e+01 2.885385e+01 1.553034e+01 1.998401e-16 
8.356827e+00 8.365827e+00 2.689429e+01 3.988097e+01 5.103790e+01 5.435920e+01 5.385455e+01 4.574460e+01 3.409374e+01 1.774551e+01 1.998401e-16 
1.124713e+01 1.123813e+01 2.978203e+01 4.773688e+01 5.801653e+01 6.432350e+01 6.158706e+01 5.395289e+01 3.905048e+01 2.092269e+01 1.998401e-16 
1.152685e+01 1.153585e+01 3.608301e+01 5.407108e+01 6.871205e+01 7.358350e+01 7.256211e+01 6.189451e+01 4.594649e+01 2.400945e+01 1.998401e-16 
1.494307e+01 1.493407e+01 4.044752e+01 6.423737e+01 7.854388e+01 8.667159e+01 8.331802e+01 7.272528e+01 5.281959e+01 2.820354e+01 1.998401e-16 
1.580948e+01 1.581848e+01 4.848830e+01 7.323382e+01 9.257541e+01 9.954345e+01 9.782137e+01 8.370259e+01 6.195041e+01 3.246794e+01 1.998401e-16 
1.993151e+01 1.992251e+01 5.485109e+01 8.651582e+01 1.062635e+02 1.168464e+02 1.126624e+02 9.807239e+01 7.141256e+01 3.803444e+01 1.998401e-16 
2.159438e+01 2.160338e+01 6.523697e+01 9.911099e+01 1.247961e+02 1.345984e+02 1.319274e+02 1.131508e+02 8.355964e+01 4.388970e+01 1.998401e-16 
2.666526e+01 2.665626e+01 7.430209e+01 1.165962e+02 1.436948e+02 1.575895e+02 1.522871e+02 1.322973e+02 9.651912e+01 5.130865e+01 1.998401e-16 
2.940771e+01 2.941671e+01 8.785051e+01 1.340545e+02 1.683015e+02 1.819343e+02 1.779790e+02 1.529154e+02 1.127377e+02 5.931270e+01 1.998401e-16 
3.575574e+01 3.574674e+01 1.005685e+02 1.572116e+02 1.942395e+02 2.126030e+02 2.057930e+02 1.785099e+02 1.304209e+02 6.923233e+01 1.998401e-16 
3.995996e+01 3.996896e+01 1.183834e+02 1.812402e+02 2.270447e+02 2.458529e+02 2.401608e+02 2.066099e+02 1.521358e+02 8.013853e+01 1.998401e-16 
4.802856e+01 4.801956e+01 1.360377e+02 2.120523e+02 2.624911e+02 2.868856e+02 2.780428e+02 2.409092e+02 1.761987e+02 9.343415e+01 1.998401e-16 
5.421046e+01 5.421946e+01 1.596097e+02 2.449563e+02 3.063634e+02 3.321628e+02 3.241230e+02 2.791140e+02 2.053339e+02 1.082597e+02 1.998401e-16 
6.459849e+01 6.458949e+01 1.839331e+02 2.861013e+02 3.546521e+02 3.871872e+02 3.756019e+02 3.251654e+02 2.380125e+02 1.261133e+02 1.998401e-16 
7.345464e+01 7.346364e+01 2.152752e+02 3.309930e+02 4.134649e+02 4.487074e+02 4.374950e+02 3.770164e+02 2.771662e+02 1.462318e+02 1.998401e-16 
8.697084e+01 8.696184e+01 2.486076e+02 3.860871e+02 4.790975e+02 5.226219e+02 5.073360e+02 4.389347e+02 3.214797e+02 1.702392e+02 1.998401e-16 
9.944164e+01 9.945064e+01 2.904380e+02 4.471692e+02 5.580814e+02 6.060777e+02 5.905788e+02 5.092137e+02 3.741599e+02 1.975053e+02 1.998401e-16 
1.171782e+02 1.171692e+02 3.359386e+02 5.210951e+02 6.471362e+02 7.054965e+02 6.852162e+02 5.925552e+02 4.341850e+02 2.298216e+02 1.998401e-16 
1.345333e+02 1.345423e+02 3.919278e+02 6.040421e+02 7.533538e+02 8.185743e+02 7.972850e+02 6.877190e+02 5.051288e+02 2.667396e+02 1.998401e-16 
1.579651e+02 1.579561e+02 4.538622e+02 7.033934e+02 8.740384e+02 9.524287e+02 9.254068e+02 7.999864e+02 5.863702e+02 3.102749e+02 1.998401e-16 
1.819190e+02 1.819280e+02 5.289666e+02 8.158674e+02 1.017027e+03 1.105507e+03 1.076397e+03 9.287535e+02 6.819741e+02 3.602262e+02 1.998401e-16 
2.130374e+02 2.130284e+02 6.130948e+02 9.495470e+02 1.180423e+03 1.285857e+03 1.249735e+03 1.080078e+03 7.918647e+02 4.189096e+02 1.998401e-16 
2.459049e+02 2.459139e+02 7.140069e+02 1.101894e+03 1.373059e+03 1.492951e+03 1.453278e+03 1.254220e+03 9.207657e+02 4.864604e+02 1.998401e-16 
2.873994e+02 2.873904e+02 8.281064e+02 1.281924e+03 1.594133e+03 1.736081e+03 1.687671e+03 1.458281e+03 1.069342e+03 5.655976e+02 1.998401e-16 
3.323060e+02 3.323150e+02 9.638631e+02 1.488114e+03 1.853805e+03 2.016112e+03 1.962174e+03 1.693695e+03 1.243203e+03 6.569132e+02 1.998401e-16 
3.878079e+02 3.877989e+02 1.118436e+03 1.730727e+03 2.152761e+03 2.344011e+03 2.279014e+03 1.968963e+03 1.444017e+03 7.636685e+02 1.998401e-16 
4.489740e+02 4.489830e+02 1.301240e+03 2.009624e+03 2.502949e+03 2.722533e+03 2.649331e+03 2.287114e+03 1.678585e+03 8.870739e+02 1.998401e-16 
5.233869e+02 5.233779e+02 1.510465e+03 2.336740e+03 2.907072e+03 3.164891e+03 3.077497e+03 2.658531e+03 1.949937e+03 1.031121e+03 1.998401e-16 
6.065109e+02 6.065199e+02 1.756794e+03 2.713815e+03 3.379480e+03 3.676405e+03 3.577189e+03 3.088402e+03 2.266477e+03 1.197858e+03 1.998401e-16 
7.064561e+02 7.064471e+02 2.039820e+03 3.155030e+03 3.925610e+03 4.273315e+03 4.155681e+03 3.589647e+03 2.633076e+03 1.392259e+03 1.998401e-16 
8.192327e+02 8.192417e+02 2.371922e+03 3.664677e+03 4.563048e+03 4.964409e+03 4.830065e+03 4.170371e+03 3.060299e+03 1.617505e+03 1.998401e-16 
9.536509e+02 9.536419e+02 2.754603e+03 4.259957e+03 5.300932e+03 5.770007e+03 5.611542e+03 4.846920e+03 3.555510e+03 1.879899e+03 1.998401e-16 
1.106470e+03 1.106479e+03 3.202521e+03 4.948615e+03 6.161204e+03 6.703587e+03 6.521807e+03 5.631343e+03 4.132189e+03 2.184151e+03 1.998401e-16 
1.287434e+03 1.287425e+03 3.719767e+03 5.751926e+03 7.158014e+03 7.790971e+03 7.577375e+03 6.544601e+03 4.801064e+03 2.538354e+03 1.998401e-16 
1.494324e+03 1.494333e+03 4.324068e+03 6.682305e+03 8.319176e+03 9.051980e+03 8.806147e+03 7.604078e+03 5.579548e+03 2.949287e+03 1.998401e-16 
1.738136e+03 1.738127e+03 5.023019e+03 7.766513e+03 9.665612e+03 1.051985e+04 1.023182e+04 8.836960e+03 6.482920e+03 3.427457e+03 1.998401e-16 
2.018041e+03 2.018050e+03 5.838478e+03 9.023286e+03 1.123306e+04 1.222299e+04 1.189066e+04 1.026784e+04 7.533900e+03 3.982441e+03 1.998401e-16 
2.346712e+03 2.346703e+03 6.782786e+03 1.048679e+04 1.305159e+04 1.420463e+04 1.381608e+04 1.193231e+04 8.753912e+03 4.628003e+03 1.998401e-16 
2.725211e+03 2.725220e+03 7.883368e+03 1.218429e+04 1.516764e+04 1.650477e+04 1.605565e+04 1.386469e+04 1.017284e+04 5.377497e+03 1.998401e-16 
3.168464e+03 3.168455e+03 9.158980e+03 1.415994e+04 1.762365e+04 1.918015e+04 1.865587e+04 1.611191e+04 1.182041e+04 6.249087e+03 1.998401e-16 
3.680096e+03 3.680105e+03 1.064456e+04 1.645255e+04 2.048046e+04 2.228641e+04 2.167959e+04 1.872147e+04 1.373617e+04 7.261226e+03 1.998401e-16 
4.278066e+03 4.278057e+03 1.236753e+04 1.911975e+04 2.379724e+04 2.589853e+04 2.519099e+04 2.175559e+04 1.596106e+04 8.438017e+03 1.998401e-16 
4.969467e+03 4.969476e+03 1.437296e+04 2.221595e+04 2.765430e+04 3.009329e+04 2.927352e+04 2.527953e+04 1.854769e+04 9.804803e+03 1.998401e-16 
5.776346e+03 5.776337e+03 1.670000e+04 2.581693e+04 3.213337e+04 3.497027e+04 3.401528e+04 2.937618e+04 2.155214e+04 1.139370e+04 1.998401e-16 
6.710492e+03 6.710501e+03 1.940738e+04 2.999819e+04 3.734105e+04 4.063483e+04 3.952752e+04 3.413480e+04 2.504463e+04 1.323937e+04 1.998401e-16 
7.799457e+03 7.799448e+03 2.255008e+04 3.486005e+04 4.338956e+04 4.721975e+04 4.593062e+04 3.966618e+04 2.910171e+04 1.538473e+04 1.998401e-16 
9.061378e+03 9.061387e+03 2.620529e+04 4.050646e+04 5.042096e+04 5.486895e+04 5.337337e+04 4.609197e+04 3.381737e+04 1.787702e+04 1.998401e-16 
1.053124e+04 1.053123e+04 3.044938e+04 4.707087e+04 5.858866e+04 6.376008e+04 6.201976e+04 5.356064e+04 3.929580e+04 2.077378e+04 1.998401e-16 
1.223575e+04 1.223576e+04 3.538444e+04 5.469567e+04 6.808261e+04 7.408912e+04 7.206927e+04 6.223760e+04 4.566311e+04 2.413919e+04 1.998401e-16 
1.421993e+04 1.421992e+04 4.111572e+04 6.355900e+04 7.911183e+04 8.609429e+04 8.374475e+04 7.232218e+04 5.306077e+04 2.805054e+04 1.998401e-16 
1.652208e+04 1.652209e+04 4.777894e+04 7.385518e+04 9.193093e+04 1.000419e+05 9.731413e+04 8.403886e+04 6.165827e+04 3.259492e+04 1.998401e-16 
1.920073e+04 1.920072e+04 5.551836e+04 8.582274e+04 1.068240e+05 1.162519e+05 1.130798e+05 9.765566e+04 7.164745e+04 3.787626e+04 1.998401e-16 
2.230985e+04 2.230986e+04 6.451508e+04 9.972606e+04 1.241330e+05 1.350856e+05 1.314020e+05 1.134768e+05 8.325635e+04 4.401260e+04 1.998401e-16 
2.592624e+04 2.592623e+04 7.496607e+04 1.158852e+05 1.442435e+05 1.569734e+05 1.526905e+05 1.318632e+05 9.674484e+04 5.114383e+04 1.998401e-16 
3.012502e+04 3.012503e+04 8.711370e+04 1.346592e+05 1.676152e+05 1.824048e+05 1.774304e+05 1.532266e+05 1.124200e+05 5.942977e+04 1.998401e-16 
3.500762e+04 3.500761e+04 1.012261e+05 1.564782e+05 1.947706e+05 2.119592e+05 2.061764e+05 1.780532e+05 1.306335e+05 6.905887e+04 1.998401e-16 
4.067776e+04 4.067777e+04 1.176284e+05 1.818291e+05 2.263286e+05 2.462993e+05 2.395820e+05 2.069003e+05 1.517993e+05 8.024739e+04 1.998401e-16 
4.727010e+04 4.727010e+04 1.366847e+05 2.112905e+05 2.629967e+05 2.862059e+05 2.783978e+05 2.404230e+05 1.763931e+05 9.324934e+04 1.998401e-16 
5.492699e+04 5.492700e+04 1.588319e+05 2.455219e+05 3.056087e+05 3.325754e+05 3.235047e+05 2.793753e+05 2.049728e+05 1.083572e+05 1.998401e-16 
6.382799e+04 6.382799e+04 1.845641e+05 2.853028e+05 3.551217e+05 3.864603e+05 3.759175e+05 3.246403e+05 2.381817e+05 1.259135e+05 1.998401e-16 
7.416757e+04 7.416758e+04 2.144687e+05 3.315257e+05 4.126597e+05 4.490729e+05 4.368245e+05 3.772373e+05 2.767723e+05 1.463135e+05 1.998401e-16 
8.618592e+04 8.618591e+04 2.492150e+05 3.852409e+05 4.795170e+05 5.218327e+05 5.075973e+05 4.383579e+05 3.216141e+05 1.700195e+05 1.998401e-16 
1.001479e+05 1.001479e+05 2.895943e+05 4.476556e+05 5.572094e+05 6.063782e+05 5.898389e+05 5.093794e+05 3.737223e+05 1.975655e+05 1.998401e-16 
1.163756e+05 1.163756e+05 3.365124e+05 5.201860e+05 6.474865e+05 7.046244e+05 6.854030e+05 5.919095e+05 4.342719e+05 2.295753e+05 1.998401e-16 
1.352289e+05 1.352289e+05 3.910356e+05 6.044645e+05 7.523932e+05 8.187858e+05 7.964526e+05 6.878093e+05 5.046329e+05 2.667705e+05 1.998401e-16 
1.571403e+05 1.571403e+05 4.543892e+05 7.024010e+05 8.742938e+05 9.514461e+05 9.254920e+05 7.992485e+05 5.863924e+05 3.099928e+05 1.998401e-16 
1.825983e+05 1.825983e+05 5.280106e+05 8.162018e+05 1.015948e+06 1.105597e+06 1.075441e+06 9.287412e+05 6.813999e+05 3.602172e+05 1.998401e-16 
2.121845e+05 2.121845e+05 6.135568e+05 9.484437e+05 1.180549e+06 1.284727e+06 1.249681e+06 1.079216e+06 7.917991e+05 4.185796e+05 1.998401e-16 
2.465606e+05 2.465606e+05 7.129664e+05 1.102108e+06 1.371822e+06 1.492875e+06 1.452155e+06 1.254069e+06 9.200863e+05 4.863972e+05 1.998401e-16 
2.865100e+05 2.865100e+05 8.284789e+05 1.280672e+06 1.594082e+06 1.734751e+06 1.687431e+06 1.457253e+06 1.069157e+06 5.652032e+05 1.998401e-16 
3.329283e+05 3.329283e+05 9.627101e+05 1.488164e+06 1.852356e+06 2.015813e+06 1.960828e+06 1.693355e+06 1.242382e+06 6.567766e+05 1.998401e-16 
3.868708e+05 3.868708e+05 1.118686e+06 1.729277e+06 2.152471e+06 2.342414e+06 2.278518e+06 1.967712e+06 1.443671e+06 7.631874e+05 1.998401e-16 
4.495495e+05 4.495495e+05 1.299936e+06 2.009451e+06 2.501214e+06 2.721929e+06 2.647683e+06 2.286518e+06 1.677574e+06 8.868380e+05 1.998401e-16 
5.223870e+05 5.223870e+05 1.510549e+06 2.335023e+06 2.906457e+06 3.162935e+06 3.076657e+06 2.656978e+06 1.949372e+06 1.030523e+06 1.998401e-16 
6.070219e+05 6.070219e+05 1.755289e+06 2.713339e+06 3.377361e+06 3.675390e+06 3.575136e+06 3.087459e+06 2.265209e+06 1.197487e+06 1.998401e-16 
7.053728e+05 7.053728e+05 2.039677e+06 3.152954e+06 3.924556e+06 4.270875e+06 4.154375e+06 3.587687e+06 2.632215e+06 1.391503e+06 1.998401e-16 
8.196549e+05 8.196549e+05 2.370146e+06 3.663791e+06 4.560411e+06 4.962837e+06 4.827465e+06 4.168960e+06 3.058685e+06 1.616953e+06 1.998401e-16 
9.524566e+05 9.524565e+05 2.754153e+06 4.257397e+06 5.299284e+06 5.766913e+06 5.609606e+06 4.844412e+06 3.554250e+06 1.878931e+06 1.998401e-16 
1.106771e+06 1.106771e+06 3.200380e+06 4.947176e+06 6.157871e+06 6.701262e+06 6.518470e+06 5.629299e+06 4.130107e+06 2.183354e+06 1.998401e-16 
