9.000000e-01 8.910000e-01 8.640000e-01 8.190000e-01 7.560000e-01 6.750000e-01 5.760000e-01 4.590000e-01 3.240000e-01 1.710000e-01 0.000000e+00 
8.810000e-01 8.810000e-01 8.540000e-01 8.090000e-01 7.460000e-01 6.650000e-01 5.660000e-01 4.490000e-01 3.140000e-01 1.610000e-01 0.000000e+00 
8.660000e-01 8.660000e-01 8.440000e-01 7.990000e-01 7.360000e-01 6.550000e-01 5.560000e-01 4.390000e-01 3.040000e-01 1.565556e-01 0.000000e+00 
8.537778e-01 8.537778e-01 8.312222e-01 7.890000e-01 7.260000e-01 6.450000e-01 5.460000e-01 4.290000e-01 2.970864e-01 1.514938e-01 0.000000e+00 
8.412469e-01 8.412469e-01 8.202963e-01 7.774568e-01 7.160000e-01 6.350000e-01 5.360000e-01 4.207147e-01 2.894870e-01 1.482154e-01 0.000000e+00 
8.296077e-01 8.296077e-01 8.081358e-01 7.671139e-01 7.051427e-01 6.250000e-01 5.269526e-01 4.118578e-01 2.839070e-01 1.443577e-01 0.000000e+00 
8.176789e-01 8.176789e-01 7.972747e-01 7.554754e-01 6.950474e-01 6.150529e-01 5.174818e-01 4.047156e-01 2.774634e-01 1.416864e-01 0.000000e+00 
8.063432e-01 8.063432e-01 7.853885e-01 7.451261e-01 6.841771e-01 6.052881e-01 5.090401e-01 3.966678e-01 2.727274e-01 1.384034e-01 0.000000e+00 
7.947017e-01 7.947017e-01 7.746620e-01 7.336336e-01 6.742104e-01 5.956442e-01 5.000822e-01 3.902411e-01 2.669588e-01 1.361371e-01 0.000000e+00 
7.835685e-01 7.835685e-01 7.630016e-01 7.234143e-01 6.635754e-01 5.862021e-01 4.921494e-01 3.827737e-01 2.627702e-01 1.331841e-01 0.000000e+00 
7.721425e-01 7.721425e-01 7.524347e-01 7.121634e-01 6.538341e-01 5.769357e-01 4.836367e-01 3.768693e-01 2.574465e-01 1.311852e-01 0.000000e+00 
7.611937e-01 7.611937e-01 7.410105e-01 7.021312e-01 6.435180e-01 5.678242e-01 4.761543e-01 3.698385e-01 2.536474e-01 1.284497e-01 0.000000e+00 
7.499808e-01 7.499808e-01 7.306238e-01 6.911679e-01 6.340288e-01 5.589486e-01 4.680177e-01 3.643522e-01 2.486438e-01 1.266430e-01 0.000000e+00 
7.392269e-01 7.392269e-01 7.194578e-01 6.813439e-01 6.240615e-01 5.501426e-01 4.609429e-01 3.576617e-01 2.451480e-01 1.240640e-01 0.000000e+00 
7.282440e-01 7.282440e-01 7.092662e-01 6.706947e-01 6.148190e-01 5.416533e-01 4.531199e-01 3.525325e-01 2.403867e-01 1.224085e-01 0.000000e+00 
7.177008e-01 7.177008e-01 6.983808e-01 6.610813e-01 6.052134e-01 5.331157e-01 4.464232e-01 3.461111e-01 2.371465e-01 1.199472e-01 0.000000e+00 
7.069675e-01 7.069675e-01 6.883922e-01 6.507656e-01 5.961968e-01 5.250075e-01 4.388568e-01 3.413042e-01 2.325717e-01 1.184206e-01 0.000000e+00 
6.966479e-01 6.966479e-01 6.778081e-01 6.413533e-01 5.869632e-01 5.166956e-01 4.325224e-01 3.350931e-01 2.295613e-01 1.160487e-01 0.000000e+00 
6.861813e-01 6.861813e-01 6.680220e-01 6.313892e-01 5.781424e-01 5.089703e-01 4.251579e-01 3.305917e-01 2.251275e-01 1.146398e-01 0.000000e+00 
6.760928e-01 6.760928e-01 6.577590e-01 6.221591e-01 5.692950e-01 5.008368e-01 4.191836e-01 3.245373e-01 2.223367e-01 1.123331e-01 0.000000e+00 
6.659074e-01 6.659074e-01 6.481667e-01 6.125679e-01 5.606316e-01 4.935062e-01 4.119652e-01 3.203404e-01 2.180017e-01 1.110389e-01 0.000000e+00 
6.560515e-01 6.560515e-01 6.382455e-01 6.034916e-01 5.521932e-01 4.854975e-01 4.063631e-01 3.143882e-01 2.154328e-01 1.087744e-01 0.000000e+00 
6.461593e-01 6.461593e-01 6.288300e-01 5.943002e-01 5.436391e-01 4.785871e-01 3.992295e-01 3.105101e-01 2.111534e-01 1.075988e-01 0.000000e+00 
6.365319e-01 6.365319e-01 6.192742e-01 5.853384e-01 5.356442e-01 4.706396e-01 3.940285e-01 3.046005e-01 2.088213e-01 1.053520e-01 0.000000e+00 
6.269443e-01 6.269443e-01 6.100086e-01 5.765837e-01 5.271384e-01 4.641916e-01 3.869080e-01 3.010721e-01 2.045490e-01 1.043060e-01 0.000000e+00 
6.175355e-01 6.175355e-01 6.008479e-01 5.676834e-01 5.196375e-01 4.562267e-01 3.821567e-01 2.951347e-01 2.024824e-01 1.020488e-01 0.000000e+00 
6.082646e-01 6.082646e-01 5.916941e-01 5.594160e-01 5.111015e-01 4.503049e-01 3.749612e-01 2.920067e-01 1.981595e-01 1.011515e-01 0.000000e+00 
5.990588e-01 5.990588e-01 5.829677e-01 5.505069e-01 5.041670e-01 4.422231e-01 3.707330e-01 2.859552e-01 1.964035e-01 9.884954e-02 0.000000e+00 
5.901193e-01 5.901193e-01 5.738734e-01 5.427963e-01 4.954981e-01 4.369197e-01 3.633509e-01 2.833031e-01 1.919578e-01 9.812978e-02 0.000000e+00 
5.810938e-01 5.810938e-01 5.656338e-01 5.337846e-01 4.892313e-01 4.285917e-01 3.597514e-01 2.770267e-01 1.905785e-01 9.573990e-02 0.000000e+00 
5.725049e-01 5.725049e-01 5.565287e-01 5.267268e-01 4.802945e-01 4.240358e-01 3.520379e-01 2.749581e-01 1.859172e-01 9.523917e-02 0.000000e+00 
5.636292e-01 5.636292e-01 5.488478e-01 5.174877e-01 4.748354e-01 4.152918e-01 3.492146e-01 2.683130e-01 1.850077e-01 9.270519e-02 0.000000e+00 
5.554173e-01 5.554173e-01 5.396374e-01 5.112142e-01 4.654513e-01 4.116620e-01 3.409788e-01 2.669776e-01 1.800093e-01 9.248147e-02 0.000000e+00 
5.466507e-01 5.466507e-01 5.326134e-01 5.015810e-01 4.609922e-01 4.022765e-01 3.391355e-01 2.597736e-01 1.796985e-01 8.972942e-02 0.000000e+00 
5.388522e-01 5.388522e-01 5.231717e-01 4.962719e-01 4.509217e-01 3.998180e-01 3.301239e-01 2.593773e-01 1.742019e-01 8.986254e-02 0.000000e+00 
5.301408e-01 5.301408e-01 5.169387e-01 4.860217e-01 4.477253e-01 3.894900e-01 3.295392e-01 2.513613e-01 1.746664e-01 8.679409e-02 0.000000e+00 
5.228063e-01 5.228063e-01 5.070971e-01 4.819220e-01 4.366481e-01 3.885369e-01 3.194130e-01 2.521852e-01 1.684567e-01 8.739310e-02 0.000000e+00 
5.140790e-01 5.140790e-01 5.018383e-01 4.707560e-01 4.350719e-01 3.768632e-01 3.204664e-01 2.430182e-01 1.699372e-01 8.387672e-02 0.000000e+00 
5.072786e-01 5.072786e-01 4.913707e-01 4.681994e-01 4.225583e-01 3.778698e-01 3.087712e-01 2.454444e-01 1.627264e-01 8.508991e-02 0.000000e+00 
4.984409e-01 4.984409e-01 4.873355e-01 4.557162e-01 4.230875e-01 3.643086e-01 3.119778e-01 2.346715e-01 1.655495e-01 8.094910e-02 0.000000e+00 
4.922712e-01 4.922712e-01 4.759389e-01 4.551554e-01 4.085596e-01 3.678909e-01 2.981025e-01 2.392183e-01 1.569504e-01 8.297758e-02 0.000000e+00 
4.831977e-01 4.831977e-01 4.734660e-01 4.408152e-01 4.118524e-01 3.517133e-01 3.041604e-01 2.262274e-01 1.615588e-01 7.797493e-02 0.000000e+00 
4.777912e-01 4.777912e-01 4.607332e-01 4.428641e-01 3.945322e-01 3.587056e-01 2.872825e-01 2.335965e-01 1.510503e-01 8.109100e-02 0.000000e+00 
4.683145e-01 4.683145e-01 4.602826e-01 4.259403e-01 4.014796e-01 3.389298e-01 2.971364e-01 2.175631e-01 1.580430e-01 7.490672e-02 0.000000e+00 
4.638524e-01 4.638524e-01 4.456657e-01 4.314301e-01 3.803190e-01 3.504612e-01 2.761476e-01 2.287038e-01 1.449229e-01 7.947870e-02 0.000000e+00 
4.537487e-01 4.537487e-01 4.478607e-01 4.109437e-01 3.921264e-01 3.257635e-01 2.910753e-01 2.085165e-01 1.551100e-01 7.168175e-02 0.000000e+00 
4.504776e-01 4.504776e-01 4.306224e-01 4.209991e-01 3.657122e-01 3.433605e-01 2.644805e-01 2.247122e-01 1.384312e-01 7.820756e-02 0.000000e+00 
4.394469e-01 4.394469e-01 4.363068e-01 3.956304e-01 3.840095e-01 3.119559e-01 2.862092e-01 1.988719e-01 1.529075e-01 6.821652e-02 0.000000e+00 
4.377024e-01 4.377024e-01 4.154533e-01 4.117723e-01 3.504358e-01 3.376820e-01 2.519922e-01 2.218569e-01 1.313927e-01 7.736899e-02 0.000000e+00 
4.253418e-01 4.253418e-01 4.257689e-01 3.797415e-01 3.774262e-01 2.971620e-01 2.828558e-01 1.883408e-01 1.516374e-01 6.439940e-02 0.000000e+00 
4.255791e-01 4.255791e-01 3.999608e-01 4.040260e-01 3.341212e-01 3.338053e-01 2.382954e-01 2.204583e-01 1.235626e-01 7.708751e-02 0.000000e+00 
4.113467e-01 4.113467e-01 4.164516e-01 3.629316e-01 3.727817e-01 2.809197e-01 2.814470e-01 1.765369e-01 1.515741e-01 6.008064e-02 0.000000e+00 
4.141828e-01 4.141828e-01 3.838822e-01 3.981372e-01 3.162750e-01 3.322471e-01 2.228707e-01 2.209520e-01 1.146126e-01 7.753218e-02 0.000000e+00 
3.973491e-01 3.973491e-01 4.086353e-01 3.447387e-01 3.706274e-01 2.626090e-01 2.825694e-01 1.629405e-01 1.530898e-01 5.505898e-02 0.000000e+00 
4.036192e-01 4.036192e-01 3.668671e-01 3.946194e-01 2.962346e-01 3.337084e-01 2.050198e-01 2.239284e-01 1.041008e-01 7.893224e-02 0.000000e+00 
3.832014e-01 3.832014e-01 4.027029e-01 3.245432e-01 3.717116e-01 2.413960e-01 2.870182e-01 1.468527e-01 1.566892e-01 4.906355e-02 0.000000e+00 
3.940356e-01 3.940356e-01 3.484467e-01 3.941699e-01 2.731094e-01 3.391392e-01 1.838028e-01 2.301871e-01 9.143247e-02 8.159804e-02 0.000000e+00 
3.687084e-01 3.687084e-01 3.991756e-01 3.015123e-01 3.770485e-01 2.161580e-01 2.958699e-01 1.273321e-01 1.630548e-01 4.172937e-02 0.000000e+00 
3.856347e-01 3.856347e-01 3.279920e-01 3.977343e-01 2.457003e-01 3.498260e-01 1.579534e-01 2.408102e-01 7.580585e-02 8.594942e-02 0.000000e+00 
3.536109e-01 3.536109e-01 3.987614e-01 2.745252e-01 3.880112e-01 1.853825e-01 3.105808e-01 1.031096e-01 1.731102e-01 3.256443e-02 0.000000e+00 
3.786945e-01 3.786945e-01 3.046577e-01 4.065931e-01 2.123919e-01 3.675087e-01 1.257644e-01 2.572606e-01 5.613997e-02 9.255408e-02 0.000000e+00 
3.375630e-01 3.375630e-01 4.024201e-01 2.420728e-01 4.064574e-01 1.470303e-01 3.331202e-01 7.247346e-02 1.881037e-01 2.090509e-02 0.000000e+00 
3.735947e-01 3.735947e-01 2.773065e-01 4.224794e-01 1.710065e-01 3.945398e-01 8.493319e-02 2.815163e-01 3.097655e-02 1.021793e-01 0.000000e+00 
3.201013e-01 3.201013e-01 4.114515e-01 2.021206e-01 4.348988e-01 9.835094e-02 3.661497e-01 3.311471e-02 2.097224e-01 5.855941e-03 0.000000e+00 
3.708514e-01 3.708514e-01 2.444064e-01 4.477368e-01 1.186065e-01 4.340991e-01 3.235318e-02 3.162495e-01 -1.652120e-03 1.158618e-01 0.000000e+00 
3.006042e-01 3.006042e-01 4.276150e-01 1.519253e-01 4.767303e-01 3.563329e-02 4.132655e-01 -1.808269e-02 2.402454e-01 -1.379137e-02 0.000000e+00 
3.711657e-01 3.711657e-01 2.038925e-01 4.855334e-01 5.122920e-02 4.904829e-01 -3.616806e-02 3.650708e-01 -4.440174e-02 1.350020e-01 0.000000e+00 
2.782362e-01 2.782362e-01 4.532893e-01 8.778614e-02 5.365392e-01 -4.613079e-02 4.793263e-01 -8.532442e-02 2.827518e-01 -3.966786e-02 0.000000e+00 
3.754879e-01 3.754879e-01 1.529803e-01 5.401507e-01 -3.647360e-02 5.694953e-01 -1.262891e-01 4.328572e-01 -1.008570e-01 1.614919e-01 0.000000e+00 
2.518725e-01 2.518725e-01 4.916903e-01 4.709176e-03 6.205226e-01 -1.537010e-01 5.708946e-01 -1.742876e-01 3.414002e-01 -7.397522e-02 0.000000e+00 
3.851046e-01 3.851046e-01 8.791314e-02 6.173728e-01 -1.517202e-01 6.789764e-01 -2.456486e-01 5.261958e-01 -1.758571e-01 1.978863e-01 0.000000e+00 
2.199982e-01 2.199982e-01 5.471638e-01 -1.040453e-01 7.370518e-01 -2.962023e-01 6.968344e-01 -2.926360e-01 4.218075e-01 -1.196858e-01 0.000000e+00 
4.017569e-01 4.017569e-01 3.622303e-03 7.250137e-01 -3.042544e-01 8.295148e-01 -4.045584e-01 6.539828e-01 -2.759352e-01 2.476359e-01 0.000000e+00 
1.805710e-01 1.805710e-01 6.255812e-01 -2.475749e-01 8.974330e-01 -4.859532e-01 8.691163e-01 -4.507168e-01 5.315587e-01 -1.808124e-01 0.000000e+00 
4.277989e-01 4.277989e-01 -1.067334e-01 8.736273e-01 -5.072304e-01 1.035411e+00 -6.169407e-01 8.282324e-01 -4.099116e-01 3.154007e-01 0.000000e+00 
1.308365e-01 1.308365e-01 7.348738e-01 -4.381607e-01 1.116936e+00 -7.395852e-01 1.103906e+00 -6.624993e-01 6.808975e-01 -2.627732e-01 0.000000e+00 
4.664128e-01 4.664128e-01 -2.523883e-01 1.077468e+00 -7.784072e-01 1.315977e+00 -9.015921e-01 1.065169e+00 -5.896956e-01 4.074734e-01 0.000000e+00 
6.707883e-02 6.707883e-02 8.857545e-01 -6.923828e-01 1.416181e+00 -1.079553e+00 1.423036e+00 -9.468452e-01 8.836563e-01 -3.728835e-01 0.000000e+00 
5.218986e-01 5.218986e-01 -4.458083e-01 1.355785e+00 -1.141762e+00 1.697293e+00 -1.283892e+00 1.386701e+00 -8.313666e-01 5.323516e-01 0.000000e+00 
-1.571632e-02 -1.571632e-02 1.092692e+00 -1.032626e+00 1.823017e+00 -1.536174e+00 1.855985e+00 -1.329221e+00 1.158514e+00 -5.210205e-01 0.000000e+00 
6.000659e-01 6.000659e-01 -7.038227e-01 1.734574e+00 -1.629668e+00 2.214576e+00 -1.798107e+00 1.822413e+00 -1.156636e+00 7.015102e-01 0.000000e+00 
-1.243167e-01 -1.243167e-01 1.375225e+00 -1.489114e+00 2.375046e+00 -2.150383e+00 2.442561e+00 -1.844014e+00 1.530695e+00 -7.205211e-01 0.000000e+00 
7.087619e-01 7.087619e-01 -1.049153e+00 2.248941e+00 -2.285837e+00 2.915380e+00 -2.490505e+00 2.412255e+00 -1.594819e+00 9.304438e-01 0.000000e+00 
-2.678577e-01 -2.678577e-01 1.759741e+00 -2.102655e+00 3.123049e+00 -2.977455e+00 3.236520e+00 -2.537653e+00 2.034257e+00 -9.893931e-01 0.000000e+00 
8.585860e-01 8.585860e-01 -1.512478e+00 2.946290e+00 -3.169289e+00 3.863922e+00 -3.423562e+00 3.210171e+00 -2.185499e+00 1.240075e+00 0.000000e+00 
-4.586719e-01 -4.586719e-01 2.281873e+00 -2.928347e+00 4.135594e+00 -4.092020e+00 4.310447e+00 -3.472830e+00 2.715192e+00 -1.351952e+00 0.000000e+00 
1.063853e+00 1.063853e+00 -2.135219e+00 3.890631e+00 -4.359714e+00 5.146914e+00 -4.681633e+00 4.289003e+00 -2.982123e+00 1.658657e+00 0.000000e+00 
-7.134091e-01 -7.134091e-01 2.989738e+00 -4.040588e+00 5.505271e+00 -5.594850e+00 5.762358e+00 -4.734198e+00 3.635602e+00 -1.841030e+00 0.000000e+00 
1.343895e+00 1.343895e+00 -2.973303e+00 5.168404e+00 -5.964718e+00 6.881444e+00 -6.378622e+00 5.747111e+00 -4.056860e+00 2.224338e+00 0.000000e+00 
-1.054548e+00 -1.054548e+00 3.948311e+00 -5.539834e+00 7.357106e+00 -7.622016e+00 7.724600e+00 -6.436058e+00 4.879345e+00 -2.500960e+00 0.000000e+00 
1.724818e+00 1.724818e+00 -4.102247e+00 6.896324e+00 -8.129595e+00 9.225616e+00 -8.668330e+00 7.717309e+00 -5.507159e+00 2.988632e+00 0.000000e+00 
-1.512440e+00 -1.512440e+00 5.245329e+00 -7.561726e+00 9.859922e+00 -1.035725e+01 1.037588e+01 -8.732751e+00 6.559651e+00 -3.391603e+00 0.000000e+00 
2.241876e+00 2.241876e+00 -5.624018e+00 9.231998e+00 -1.105053e+01 1.239292e+01 -1.175843e+01 1.037894e+01 -7.464602e+00 4.021096e+00 0.000000e+00 
-2.128065e+00 -2.128065e+00 6.999265e+00 -1.028942e+01 1.324168e+01 -1.404864e+01 1.395752e+01 -1.183268e+01 8.829418e+00 -4.593790e+00 0.000000e+00 
2.942674e+00 2.942674e+00 -7.676297e+00 1.238824e+01 -1.499244e+01 1.667163e+01 -1.592935e+01 1.397415e+01 -1.010686e+01 5.415653e+00 0.000000e+00 
-2.956755e+00 -2.956755e+00 9.370095e+00 -1.397021e+01 1.781020e+01 -1.903117e+01 1.879536e+01 -1.601724e+01 1.189510e+01 -6.216663e+00 0.000000e+00 
3.891495e+00 3.891495e+00 -1.044499e+01 1.665241e+01 -2.031301e+01 2.245100e+01 -2.155972e+01 1.882995e+01 -1.367385e+01 7.299129e+00 0.000000e+00 
-4.073220e+00 -4.073220e+00 1.257383e+01 -1.893805e+01 2.398112e+01 -2.575718e+01 2.532938e+01 -2.166642e+01 1.603547e+01 -8.407596e+00 0.000000e+00 
5.175143e+00 5.175143e+00 -1.418113e+01 2.241253e+01 -2.749525e+01 3.025663e+01 -2.916082e+01 2.538785e+01 -1.848951e+01 9.842773e+00 0.000000e+00 
-5.578343e+00 -5.578343e+00 1.690217e+01 -2.564383e+01 3.231567e+01 -3.483744e+01 3.415369e+01 -2.929328e+01 2.162696e+01 -1.136559e+01 0.000000e+00 
6.910830e+00 6.910830e+00 -1.922367e+01 3.019256e+01 -3.719134e+01 4.079825e+01 -3.942303e+01 3.424406e+01 -2.499125e+01 1.327782e+01 0.000000e+00 
-7.608336e+00 -7.608336e+00 2.274896e+01 -3.469640e+01 4.357171e+01 -4.709668e+01 4.607051e+01 -3.959061e+01 2.917785e+01 -1.535934e+01 0.000000e+00 
9.256827e+00 9.256827e+00 -2.603029e+01 4.069997e+01 -5.028190e+01 5.503420e+01 -5.327855e+01 4.620360e+01 -3.376974e+01 1.791651e+01 0.000000e+00 
-1.034713e+01 -1.034713e+01 3.064603e+01 -4.691788e+01 5.877253e+01 -6.364850e+01 6.216306e+01 -5.349389e+01 3.937448e+01 -2.075169e+01 0.000000e+00 
1.242685e+01 1.242685e+01 -3.521901e+01 5.489008e+01 -6.795605e+01 7.425850e+01 -7.198611e+01 6.235351e+01 -4.562249e+01 2.418045e+01 0.000000e+00 
-1.404307e+01 -1.404307e+01 4.131152e+01 -6.341837e+01 7.929988e+01 -8.599659e+01 8.389402e+01 -7.226628e+01 5.314359e+01 -2.803254e+01 0.000000e+00 
1.670948e+01 1.670948e+01 -4.762430e+01 7.405282e+01 -9.181941e+01 1.002185e+02 -9.724537e+01 8.416159e+01 -6.162641e+01 3.263894e+01 0.000000e+00 
-1.903151e+01 -1.903151e+01 5.571509e+01 -8.569682e+01 1.070195e+02 -1.161714e+02 1.132384e+02 -9.761339e+01 7.173656e+01 -3.786344e+01 0.000000e+00 
2.249438e+01 2.249438e+01 -6.437297e+01 9.992999e+01 -1.240401e+02 1.352734e+02 -1.313514e+02 1.136098e+02 -8.323564e+01 4.406070e+01 0.000000e+00 
-2.576526e+01 -2.576526e+01 7.516609e+01 -1.157772e+02 1.444508e+02 -1.569145e+02 1.528631e+02 -1.318383e+02 9.684312e+01 -5.113765e+01 0.000000e+00 
3.030771e+01 3.030771e+01 -8.698651e+01 1.348735e+02 -1.675455e+02 1.826093e+02 -1.774030e+02 1.533744e+02 -1.124137e+02 5.948370e+01 0.000000e+00 
-3.485574e+01 -3.485574e+01 1.014325e+02 -1.563926e+02 1.949955e+02 -2.119280e+02 2.063690e+02 -1.780509e+02 1.307449e+02 -6.906133e+01 0.000000e+00 
4.085996e+01 4.085996e+01 -1.175194e+02 1.820592e+02 -2.262887e+02 2.465279e+02 -2.395848e+02 2.070689e+02 -1.518118e+02 8.030953e+01 0.000000e+00 
-4.712856e+01 -4.712856e+01 1.369017e+02 -2.112333e+02 2.632471e+02 -2.862106e+02 2.786188e+02 -2.404502e+02 1.765227e+02 -9.326315e+01 0.000000e+00 
5.511046e+01 5.511046e+01 -1.587457e+02 2.457753e+02 -3.056074e+02 3.328378e+02 -3.235470e+02 2.795730e+02 -2.050099e+02 1.084307e+02 0.000000e+00 
-6.369849e+01 -6.369849e+01 1.847971e+02 -2.852823e+02 3.554081e+02 -3.865122e+02 3.761779e+02 -3.247064e+02 2.383365e+02 -1.259423e+02 0.000000e+00 
7.435464e+01 7.435464e+01 -2.144112e+02 3.318120e+02 -4.127089e+02 4.493824e+02 -4.369190e+02 3.774754e+02 -2.768422e+02 1.464028e+02 0.000000e+00 
-8.607084e+01 -8.607084e+01 2.494716e+02 -3.852681e+02 4.798535e+02 -5.219469e+02 5.079120e+02 -4.384757e+02 3.218037e+02 -1.700682e+02 0.000000e+00 
1.003416e+02 1.003416e+02 -2.895740e+02 4.479882e+02 -5.573254e+02 6.067527e+02 -5.900028e+02 5.096727e+02 -3.738359e+02 1.976763e+02 0.000000e+00 
-1.162782e+02 -1.162782e+02 3.368026e+02 -5.202761e+02 6.478922e+02 -7.048215e+02 6.857922e+02 -5.920962e+02 4.345090e+02 -2.296506e+02 0.000000e+00 
1.354333e+02 1.354333e+02 -3.910638e+02 6.048611e+02 -7.525978e+02 8.192493e+02 -7.967090e+02 6.881780e+02 -5.048048e+02 2.669106e+02 0.000000e+00 
-1.570651e+02 -1.570651e+02 4.547262e+02 -7.025744e+02 8.747944e+02 -9.517537e+02 9.259828e+02 -7.995274e+02 5.866942e+02 -3.101039e+02 0.000000e+00 
1.828190e+02 1.828190e+02 -5.281026e+02 8.166864e+02 -1.016271e+03 1.106182e+03 -1.075821e+03 9.292125e+02 -6.816501e+02 3.603972e+02 0.000000e+00 
-2.121374e+02 -2.121374e+02 6.139588e+02 -9.487280e+02 1.181179e+03 -1.285182e+03 1.250311e+03 -1.079619e+03 7.921887e+02 -4.187386e+02 0.000000e+00 
2.468049e+02 2.468049e+02 -7.131429e+02 1.102713e+03 -1.372303e+03 1.493626e+03 -1.452702e+03 1.254679e+03 -9.204417e+02 4.866314e+02 0.000000e+00 
-2.864994e+02 -2.864994e+02 8.289704e+02 -1.281105e+03 1.594889e+03 -1.735406e+03 1.688247e+03 -1.457822e+03 1.069666e+03 -5.654266e+02 0.000000e+00 
3.332060e+02 3.332060e+02 -9.629991e+02 1.488933e+03 -1.853049e+03 2.016787e+03 -1.961598e+03 1.694154e+03 -1.242879e+03 6.570842e+02 0.000000e+00 
-3.869079e+02 -3.869079e+02 1.119300e+03 -1.729908e+03 2.153517e+03 -2.343336e+03 2.279590e+03 -1.968504e+03 1.444341e+03 -7.634975e+02 0.000000e+00 
4.498740e+02 4.498740e+02 -1.300376e+03 2.010443e+03 -2.502193e+03 2.723208e+03 -2.648755e+03 2.287573e+03 -1.678261e+03 8.872449e+02 0.000000e+00 
-5.224869e+02 -5.224869e+02 1.511329e+03 -2.335921e+03 2.907828e+03 -3.164216e+03 3.078073e+03 -2.658072e+03 1.950261e+03 -1.030950e+03 0.000000e+00 
6.074109e+02 6.074109e+02 -1.755930e+03 2.714634e+03 -3.378724e+03 3.677080e+03 -3.576613e+03 3.088861e+03 -2.266153e+03 1.198029e+03 0.000000e+00 
-7.055561e+02 -7.055561e+02 2.040684e+03 -3.154211e+03 3.926366e+03 -4.272640e+03 4.156257e+03 -3.589188e+03 2.633400e+03 -1.392088e+03 0.000000e+00 
8.201327e+02 8.201327e+02 -2.371058e+03 3.665496e+03 -4.562292e+03 4.965084e+03 -4.829489e+03 4.170830e+03 -3.059975e+03 1.617676e+03 0.000000e+00 
-9.527509e+02 -9.527509e+02 2.755467e+03 -4.259138e+03 5.301688e+03 -5.769332e+03 5.612118e+03 -4.846461e+03 3.555834e+03 -1.879728e+03 0.000000e+00 
1.107370e+03 1.107370e+03 -3.201657e+03 4.949434e+03 -6.160448e+03 6.704262e+03 -6.521231e+03 5.631802e+03 -4.131865e+03 2.184322e+03 0.000000e+00 
-1.286534e+03 -1.286534e+03 3.720631e+03 -5.751107e+03 7.158770e+03 -7.790296e+03 7.577951e+03 -6.544142e+03 4.801388e+03 -2.538183e+03 0.000000e+00 
1.495224e+03 1.495224e+03 -4.323204e+03 6.683124e+03 -8.318420e+03 9.052655e+03 -8.805571e+03 7.604537e+03 -5.579224e+03 2.949458e+03 0.000000e+00 
-1.737236e+03 -1.737236e+03 5.023883e+03 -7.765694e+03 9.666368e+03 -1.051918e+04 1.023239e+04 -8.836501e+03 6.483244e+03 -3.427286e+03 0.000000e+00 
2.018941e+03 2.018941e+03 -5.837614e+03 9.024105e+03 -1.123230e+04 1.222366e+04 -1.189009e+04 1.026830e+04 -7.533576e+03 3.982612e+03 0.000000e+00 
-2.345812e+03 -2.345812e+03 6.783650e+03 -1.048597e+04 1.305235e+04 -1.420396e+04 1.381666e+04 -1.193185e+04 8.754236e+03 -4.627832e+03 0.000000e+00 
2.726111e+03 2.726111e+03 -7.882504e+03 1.218511e+04 -1.516689e+04 1.650544e+04 -1.605508e+04 1.386515e+04 -1.017251e+04 5.377668e+03 0.000000e+00 
-3.167564e+03 -3.167564e+03 9.159844e+03 -1.415912e+04 1.762440e+04 -1.917947e+04 1.865645e+04 -1.611146e+04 1.182073e+04 -6.248916e+03 0.000000e+00 
3.680996e+03 3.680996e+03 -1.064369e+04 1.645337e+04 -2.047971e+04 2.228708e+04 -2.167901e+04 1.872193e+04 -1.373584e+04 7.261397e+03 0.000000e+00 
-4.277166e+03 -4.277166e+03 1.236839e+04 -1.911893e+04 2.379800e+04 -2.589785e+04 2.519156e+04 -2.175513e+04 1.596138e+04 -8.437846e+03 0.000000e+00 
4.970367e+03 4.970367e+03 -1.437210e+04 2.221677e+04 -2.765355e+04 3.009396e+04 -2.927294e+04 2.527998e+04 -1.854736e+04 9.804974e+03 0.000000e+00 
-5.775446e+03 -5.775446e+03 1.670086e+04 -2.581611e+04 3.213413e+04 -3.496960e+04 3.401585e+04 -2.937572e+04 2.155246e+04 -1.139353e+04 0.000000e+00 
6.711392e+03 6.711392e+03 -1.940652e+04 2.999901e+04 -3.734030e+04 4.063550e+04 -3.952694e+04 3.413525e+04 -2.504430e+04 1.323954e+04 0.000000e+00 
-7.798557e+03 -7.798557e+03 2.255095e+04 -3.485923e+04 4.339032e+04 -4.721908e+04 4.593119e+04 -3.966572e+04 2.910203e+04 -1.538456e+04 0.000000e+00 
9.062278e+03 9.062278e+03 -2.620443e+04 4.050728e+04 -5.042021e+04 5.486962e+04 -5.337280e+04 4.609243e+04 -3.381705e+04 1.787719e+04 0.000000e+00 
-1.053034e+04 -1.053034e+04 3.045025e+04 -4.707005e+04 5.858941e+04 -6.375940e+04 6.202034e+04 -5.356018e+04 3.929613e+04 -2.077360e+04 0.000000e+00 
1.223665e+04 1.223665e+04 -3.538358e+04 5.469649e+04 -6.808185e+04 7.408980e+04 -7.206870e+04 6.223806e+04 -4.566279e+04 2.413936e+04 0.000000e+00 
-1.421903e+04 -1.421903e+04 4.111659e+04 -6.355818e+04 7.911258e+04 -8.609362e+04 8.374533e+04 -7.232172e+04 5.306110e+04 -2.805036e+04 0.000000e+00 
1.652298e+04 1.652298e+04 -4.777807e+04 7.385600e+04 -9.193018e+04 1.000426e+05 -9.731356e+04 8.403932e+04 -6.165795e+04 3.259509e+04 0.000000e+00 
-1.919983e+04 -1.919983e+04 5.551922e+04 -8.582192e+04 1.068248e+05 -1.162512e+05 1.130803e+05 -9.765520e+04 7.164778e+04 -3.787609e+04 0.000000e+00 
2.231075e+04 2.231075e+04 -6.451422e+04 9.972688e+04 -1.241323e+05 1.350863e+05 -1.314014e+05 1.134773e+05 -8.325603e+04 4.401277e+04 0.000000e+00 
-2.592534e+04 -2.592534e+04 7.496693e+04 -1.158844e+05 1.442443e+05 -1.569728e+05 1.526911e+05 -1.318627e+05 9.674516e+04 -5.114366e+04 0.000000e+00 
3.012592e+04 3.012592e+04 -8.711284e+04 1.346600e+05 -1.676144e+05 1.824055e+05 -1.774298e+05 1.532271e+05 -1.124197e+05 5.942994e+04 0.000000e+00 
-3.500672e+04 -3.500672e+04 1.012270e+05 -1.564774e+05 1.947713e+05 -2.119585e+05 2.061770e+05 -1.780527e+05 1.306339e+05 -6.905870e+04 0.000000e+00 
4.067866e+04 4.067866e+04 -1.176275e+05 1.818299e+05 -2.263279e+05 2.463000e+05 -2.395815e+05 2.069008e+05 -1.517990e+05 8.024756e+04 0.000000e+00 
-4.726920e+04 -4.726920e+04 1.366856e+05 -2.112896e+05 2.629975e+05 -2.862052e+05 2.783984e+05 -2.404226e+05 1.763934e+05 -9.324917e+04 0.000000e+00 
5.492789e+04 5.492789e+04 -1.588311e+05 2.455228e+05 -3.056080e+05 3.325760e+05 -3.235041e+05 2.793757e+05 -2.049725e+05 1.083574e+05 0.000000e+00 
-6.382709e+04 -6.382709e+04 1.845649e+05 -2.853020e+05 3.551224e+05 -3.864596e+05 3.759181e+05 -3.246398e+05 2.381820e+05 -1.259133e+05 0.000000e+00 
7.416847e+04 7.416847e+04 -2.144678e+05 3.315265e+05 -4.126589e+05 4.490736e+05 -4.368239e+05 3.772378e+05 -2.767720e+05 1.463137e+05 0.000000e+00 
-8.618502e+04 -8.618502e+04 2.492159e+05 -3.852400e+05 4.795177e+05 -5.218320e+05 5.075979e+05 -4.383575e+05 3.216144e+05 -1.700193e+05 0.000000e+00 
1.001488e+05 1.001488e+05 -2.895935e+05 4.476565e+05 -5.572087e+05 6.063789e+05 -5.898384e+05 5.093799e+05 -3.737220e+05 1.975657e+05 0.000000e+00 
-1.163747e+05 -1.163747e+05 3.365133e+05 -5.201852e+05 6.474873e+05 -7.046238e+05 6.854036e+05 -5.919091e+05 4.342722e+05 -2.295751e+05 0.000000e+00 
1.352298e+05 1.352298e+05 -3.910348e+05 6.044653e+05 -7.523925e+05 8.187864e+05 -7.964520e+05 6.878098e+05 -5.046326e+05 2.667707e+05 0.000000e+00 
-1.571394e+05 -1.571394e+05 4.543900e+05 -7.024002e+05 8.742946e+05 -9.514454e+05 9.254926e+05 -7.992481e+05 5.863928e+05 -3.099926e+05 0.000000e+00 
1.825992e+05 1.825992e+05 -5.280098e+05 8.162026e+05 -1.015947e+06 1.105598e+06 -1.075440e+06 9.287416e+05 -6.813996e+05 3.602174e+05 0.000000e+00 
-2.121836e+05 -2.121836e+05 6.135576e+05 -9.484429e+05 1.180550e+06 -1.284726e+06 1.249682e+06 -1.079215e+06 7.917994e+05 -4.185795e+05 0.000000e+00 
2.465615e+05 2.465615e+05 -7.129656e+05 1.102109e+06 -1.371822e+06 1.492876e+06 -1.452154e+06 1.254069e+06 -9.200860e+05 4.863974e+05 0.000000e+00 
-2.865091e+05 -2.865091e+05 8.284798e+05 -1.280672e+06 1.594083e+06 -1.734751e+06 1.687431e+06 -1.457252e+06 1.069158e+06 -5.652031e+05 0.000000e+00 
3.329292e+05 3.329292e+05 -9.627092e+05 1.488165e+06 -1.852355e+06 2.015814e+06 -1.960827e+06 1.693355e+06 -1.242382e+06 6.567768e+05 0.000000e+00 
-3.868699e+05 -3.868699e+05 1.118687e+06 -1.729276e+06 2.152472e+06 -2.342414e+06 2.278519e+06 -1.967711e+06 1.443671e+06 -7.631872e+05 0.000000e+00 
4.495504e+05 4.495504e+05 -1.299935e+06 2.009452e+06 -2.501214e+06 2.721930e+06 -2.647683e+06 2.286518e+06 -1.677574e+06 8.868382e+05 0.000000e+00 
-5.223861e+05 -5.223861e+05 1.510550e+06 -2.335022e+06 2.906458e+06 -3.162935e+06 3.076658e+06 -2.656978e+06 1.949373e+06 -1.030523e+06 0.000000e+00 
6.070228e+05 6.070228e+05 -1.755288e+06 2.713340e+06 -3.377360e+06 3.675391e+06 -3.575135e+06 3.087459e+06 -2.265208e+06 1.197487e+06 0.000000e+00 
-7.053719e+05 -7.053719e+05 2.039678e+06 -3.152953e+06 3.924557e+06 -4.270874e+06 4.154376e+06 -3.587686e+06 2.632216e+06 -1.391503e+06 0.000000e+00 
8.196558e+05 8.196558e+05 -2.370145e+06 3.663792e+06 -4.560410e+06 4.962838e+06 -4.827464e+06 4.168960e+06 -3.058685e+06 1.616953e+06 0.000000e+00 
-9.524557e+05 -9.524557e+05 2.754154e+06 -4.257396e+06 5.299284e+06 -5.766912e+06 5.609606e+06 -4.844412e+06 3.554251e+06 -1.878931e+06 0.000000e+00 
1.106772e+06 1.106772e+06 -3.200379e+06 4.947176e+06 -6.157870e+06 6.701263e+06 -6.518470e+06 5.629299e+06 -4.130107e+06 2.183354e+06 0.000000e+00 
